RSS error 1= 850.662763644
RSS error 2= 7.48759771888
RSS error 3= 515.957594376
RSS error 4= 7.97314889479
RSS error 5= 6.7179799316
RSS error average = 277.759816913
Beta parameters from 0 to p:
0.570619391763
-0.0220487336576
-0.0909326928018
0.213030157835
-0.0204075966102
-0.0126088419168
0.0550178901871
0.155467287319
-0.24588033999
-0.179198352889
0.0618389523214
-0.145653169941
0.0402209182109
-0.205028865578
-0.127611249432
0.0546719439403
-0.194404700006
0.0777038294145
0.0120414326088
-0.0852918255947
0.230863990757
0.39850468831
-0.569890992966
-0.0286891000903
-0.0456963843845
0.0167288786788
0.0502504740074
0.0114122798572
0.198816281825
-0.213999412152
-0.0975978783973
0.0645007093875
0.0830617515837
-0.0317000770119
0.221618022158
-0.0542201253865
-0.0125537531869
0.0368254124057
0.0679559725798
0.326067619457
0.252475556712
0.0522813904465
-0.333266753867
-0.00102840699203
0.0519553210057
-0.379800402406
-0.0112958403801
0.0129583436232
0.0593661165159
-0.183643011538
-0.019056674674
0.157628282036
-0.284881961894
0.0628487534511
0.0139951221996
-0.113112178462
0.0785352536946
-0.0824598081312
-0.109508934457
0.427356918958
-0.255189849901
-0.0886286476168
-0.227254476375
-0.0848494352976
-0.045854302352
0.663489801168
-0.2028047821
-0.259804869276
-0.608725089289
0.234766832063
0.120649055692
0.0545198778625
0.135782279302
-0.0436991407569
0.511995213976
0.00999594900965
-0.0694773837085
-0.0329826879128
0.0231521263512
-0.00957134401964
-0.363524889072
0.364612003309
-0.0631336154084
-0.233344196471
-0.0170093597457
-0.122577817339
0.400546692758
0.0791423571983
-0.0550630608388
-0.0786373913934
0.129591299615
0.157070293262
0.156689080412
0.0050774228398
-4.41297059854e-05
-0.00598290068696
0.0217684339995
-1.78858050972
2881.08651016
0.0580870337657
0.26999595595
-0.447951424008
0.118178260513
0.156445214166
-2880.98456151
-0.0607966999108
0.0128357049819
-0.000621380626676
0.030360481601
0.0862523993359
0.00262437855295
0.222295329978
-0.0341101224123
-0.0418072980087
0.0492242388216
0.00466860880473
-0.0674921412627
0.153653693413
1.78834475434
-0.0615570322902
0.0464296638107
-0.100783617708
-0.436309771673

Beta parameters from 0 to p:
2.93268693769
0.593601294354
-0.0125115651181
0.205942573448
-0.0558978718488
-0.0221246346811
0.014869732697
0.181934998064
-0.252238424861
-0.239079319976
-0.0657946873703
-0.639217354415
0.0604602190095
-0.15974596189
-0.244177848081
0.0274530231416
-0.196100087405
0.168945378852
-0.0101979632014
-0.126205712834
0.230385387971
0.413196632679
-0.616124835342
-0.0312110505395
-0.0326348433346
0.0292676519622
0.0570062994715
0.0179947554705
0.262962433554
-0.241848287727
-0.0794529749134
0.00142850755203
0.0491068261259
0.0276404380449
0.253451079565
-0.0883298935577
-0.0458652636293
0.104779349511
0.1191035847
0.351258266237
0.286533742936
0.0372704201427
-0.391537739478
-0.245755898736
0.0550925678556
-0.327116835292
-0.00769349285616
-0.00104681531804
0.0494371452002
-0.171766875035
-0.091753428313
0.128089746291
-0.351310926942
-0.00447806144212
0.0503417134177
-0.0504082734049
0.049774381129
-0.00809993897578
-0.268157983647
0.256030395955
0.0208214109702
-0.119459824805
-0.232036662756
0.0548751519564
-0.17047082085
0.491113063367
0.0208368744408
-0.210268459931
-0.838311472874
0.303184157766
0.119963543422
0.015165122294
0.08244224381
-0.0437836906381
0.729614318456
0.0670943595418
-0.0712822941803
-0.0324365810465
0.0396555854306
-0.0449382584765
-0.375058193756
0.306725068984
0.0321423382053
-0.228408619232
-0.0844050572109
-0.105718294315
0.429214628108
0.0531673913349
-0.0582866173017
-0.0790953136024
0.138451835054
0.154103493014
0.122300342686
0.040144617246
-0.0107748489706
0.0388961210365
-0.0143611315075
-3.00850235121
-19.676514655
-2.12163562615
0.251381868773
-0.489544817807
0.0082945687514
0.166562443644
19.8375952397
-0.0408725447505
-0.113498038824
0.156223234381
0.251156773691
0.172562256055
-0.361312499273
-0.0217769609976
-0.0116800679896
-0.042619209969
-0.00672272289737
-0.0326848493509
-0.037581821207
0.0856111735497
1.24781946122
-0.105264400067
0.0557968868318
0.0217137209217
-0.42145370217

Beta parameters from 0 to p:
0.335393941989
0.00233366941748
-0.0407435950392
0.13853563434
-0.068251550839
-0.0398863155279
0.0781637467488
0.0718320462682
-0.300175709333
-0.0269841766099
0.145913287145
-0.109605239473
0.0328287864614
-0.23032342081
-0.17858513447
0.0458951746951
-0.162004401961
-0.0319449157503
0.0278348359888
-0.0648357020549
0.375107955411
0.0834539529559
-0.313149082229
-0.0317044089063
-0.0447646055158
0.0150277121237
0.0615873302041
0.00719481439013
0.0881505563627
-0.241238661921
-0.105015411206
0.0552592106504
0.0127831112269
-0.00903241164251
0.216296489831
-0.0396068974118
0.0194431715113
0.0589759680438
0.118257625804
0.294767159108
0.212680352656
0.0163241660888
-0.365280475046
-0.0187482269446
0.0146673635006
-0.457098226008
-0.0281135187953
-0.0298393867007
0.0846645239016
-0.197795819012
-0.203152296221
0.086171729855
-0.18863521265
0.0326241295553
0.0206862510204
-0.129393337002
0.0869283028448
-0.0731290023887
-0.066982019934
0.454112020435
-0.339627130827
-0.0137175282613
-0.17013210534
-0.0131237697916
-0.146700334769
0.613076514528
-0.09045083848
-0.258442074271
-0.690851555484
0.191875664222
0.0885169630103
0.0142609958106
0.149398748385
-0.0429603207359
0.53732153261
0.0423331438974
-0.0753595882518
-0.00266941776134
0.0645994256994
-0.0144495255574
-0.199438432246
0.152655201015
-0.0355890252801
-0.215189160155
-0.0386684637954
-0.0791171147272
0.395597996055
0.0151435942979
-0.0413331954601
-0.0851748577773
0.113196677211
0.162557769821
0.15745019445
-0.0136507587798
-0.038300718767
4.56459311134e-05
0.0613331779138
-0.555450586778
2234.11571915
0.502774072978
0.338209566354
-0.186553122352
0.0609117256709
0.107325507757
-2234.18154395
-0.100973158423
-0.0211521214742
0.164139672286
0.169241208404
0.0626983066525
-0.168642353869
-0.202731862346
-0.0248124167561
-0.0195753890234
0.0686592010774
0.00609182528548
-0.0290056792143
0.196682711762
1.16670675922
-0.0350853691399
0.0253494747156
-0.0350856034157
-0.356833638956

Beta parameters from 0 to p:
0.548731132881
-0.0343759321206
-0.0299486943503
0.171896217087
-0.0583450053558
-0.0567491318173
0.0624484581944
-0.0195558846161
-0.297038229694
0.0491176124674
-0.0397245183355
-0.112633781487
0.0460234247068
-0.359001828777
-0.199822776303
0.0401491923454
-0.146228929437
0.16952432814
0.0363090134345
-0.110814364806
0.459929289355
0.0471151159798
-0.308413897504
-0.0199569990197
-0.0313639265324
0.0192452559554
0.0519285372658
0.0262540626231
0.0100874850885
-0.169622555041
-0.153228083623
0.0964842909622
0.0740800402987
-0.0130715628936
0.199863077157
-0.0749309447915
-0.000782283824864
0.137770697584
0.124040327867
0.655662454361
0.134491927222
0.426406856357
-1.02318180015
0.0483528798994
-0.0812590948681
-0.333743681888
-0.0130161401526
0.0218799919267
0.0914783361743
-0.19583101814
0.062933202377
0.0976956084221
-0.15865414002
0.00970049790673
0.0268271141845
-0.0887800781256
0.0452293096651
0.115466619433
-0.451574244298
0.66136217516
-0.253724393576
-0.130906062876
-0.229639740539
0.158863779823
-0.352793345993
0.698715617344
-0.163733725466
-0.254387139751
-0.61009543203
0.14372031516
0.0701495436802
0.0133498081092
0.141921777156
-0.0577426624709
0.481835655649
0.0540507705493
-0.077753682356
-0.0131807058224
-0.0156174528739
-0.0131909513681
-0.0788345516195
-0.0481933670719
0.0534488877454
-0.199121739164
0.0218404035673
-0.0351640430984
0.301874015143
0.0293131447983
-0.0526233259705
-0.0917196708308
0.127317556853
0.144782666336
0.0747726317087
0.00541160445142
-0.0128265568469
-0.0145861740875
0.0100315654098
-0.357462371934
-21.8008697065
0.302952571855
0.529966196328
-0.366984050163
0.0296977484828
0.134364077943
21.6748209768
-0.0230035826061
-0.130814717516
-0.0944135348162
-0.0678248258674
0.0553767182589
0.00660809384179
-0.42339455958
-0.0454303808419
-0.0302103740384
0.0849684047316
0.00431434160906
-0.0534245733567
0.0752290745635
1.26859730875
-0.0355963027777
0.0483785697732
0.0510160553551
-0.422050022378

Beta parameters from 0 to p:
-0.0274593063254
0.0311767927587
-0.0562953812219
0.213015354635
-0.0821927393075
-0.00803538295978
0.0908733461538
0.19040843587
-0.126677677066
-0.305921101845
-0.0457138532755
-0.305123957335
0.0535261354739
-0.256074386107
-0.200713306896
0.0526790971906
-0.155810482419
0.179787618481
-0.0542702374717
-0.116047380397
0.288891275346
0.457160906874
-0.597415052196
-0.0374824428849
-0.030109372589
0.0205922383996
0.0323357195686
0.0146683470145
0.222887186502
-0.156917529204
-0.0978557998506
0.0840743090729
-0.0181594173525
0.0149504815223
0.240176867136
-0.0602022999102
0.0015427591295
0.0593053428108
0.115057450968
0.270117283523
0.24139350547
-0.042627669743
-0.227999416566
-0.197762000475
-0.0910169407077
-0.244680755788
-0.0392276012389
-0.027741138932
0.091600307564
-0.232258237595
-0.0665687025604
0.0743238751702
-0.104929658936
0.0259921321424
0.0380008110288
-0.0850535645837
0.026201924559
-0.138723625324
-0.104185531764
0.516821741748
-0.242526469105
0.00828466904988
-0.191493642411
0.0578115721081
-0.222406202692
0.818414408213
-0.15595538565
-0.220715111844
-0.444223375389
0.121394122174
0.135914840945
0.0292587536734
0.145517437438
-0.0491750269548
0.304639170798
0.050407481879
-0.0722503947083
-0.0335751650064
0.00867062295457
-0.0282953203759
-0.397947091647
0.340730951062
-0.0250187738108
-0.242758470355
-0.0696880502842
-0.0234646693566
0.39682695514
0.0460145337482
-0.019743461999
-0.106930724523
0.0945616993913
0.143205658005
0.157877284009
0.017190120304
-0.0321663109784
0.0149127990296
0.0207816493396
-0.345677284076
-28.0842293071
0.645630220532
0.634006245235
-0.156422489001
-0.0369220910036
0.187720923504
28.0960961232
-0.0682188615222
-0.0906399755819
-0.0965162138604
-0.0755426034947
0.0969161752719
0.000826187606382
-0.410405507094
-0.0208562618877
0.0142271821881
0.0575970372697
-0.00642353178198
-0.0493544310675
0.178637231227
1.15983345635
-0.0320705086752
0.0517122164493
0.0377750597073
-0.490348551923

