RSS error 1= 11.1713826278
RSS error 2= 10.1489942591
RSS error 3= 11.9996781184
RSS error 4= 11.3845863093
RSS error 5= 9.86103811063
RSS error average = 10.913135885
Beta parameters from 0 to p:
0.2995373553
0.017670513718
-0.00258958693833
0.10923745002
-0.0836698569051
-0.0065884430679
0.00731604950447
-0.0100140241055
-0.0181214673091
-0.0148701589799
0.0100477930742
0.017904513195
0.037351875579
-0.00251963261294
-0.0165016825334
0.00182540617134
-0.0380511159539
0.00835569830464
0.0296488096464
-0.020021867419
-0.00570745367688
0.00209779315879
0.0132424403078
-0.0103683962951
-0.0140178828839
0.014813679318
0.0254484966272
0.00348866130306
0.0193691276184
0.00355178206043
-0.00151883275599
0.0195870873855
-0.00923829516593
0.000647951324433
0.000114740599064
-0.0207519729294
-0.00720397765203
0.00325397355617
-0.00667277954501
0.0442889323059
0.0150906437363
0.0312343238138
0.0376829830195
0.00889797207297
-0.0542731901117
-0.0652548618052
-0.0532700172297
-0.0421480878171
-0.0015508287373
-0.0198540977414
0.0230177881089
0.0949783405361
0.0038036818495
0.00939154681696
0.000809265946191
0.000129471323806
0.00871914397941
0.00386015852433
0.00524773955678
0.00940567904626
0.0126298901679
0.00243869056213
-0.00547835030502
0.020448854081
0.0129710205317
0.00460281253165
-0.0120837749174
0.0102371544614
-0.013259999228
0.0311260693195
0.0167992661893
0.00493260951984
0.0421475702754
-0.0407053572123
-0.00311829920375
0.0396381093504
-0.0119886387085
0.00623154375479
0.0295135820054
0.00856469421645
-0.00290926220582
0.00257189244008
0.00565166234333
-0.0177007363593
0.00226403897557
0.00743657169892
0.0116357325936
0.0290617444054
0.00544519903364
-0.0263646556551
0.0308216634396
0.0374234093708
0.0104969481837
-0.0148172445643
0.00164714450684
0.0161073786097
-0.000822721649564
0.00114188327705
0.00390638101162
-0.000633241398334
0.00443771285894
0.00282424191553
0.0119601754356
0.0107236715405
0.00390353709228
-0.0213606726752
-0.00794654114676
0.018608484199
-0.00838640548203
0.0124034476456
0.00631608940145
0.00143571863809
-0.00141171386059
-0.0113521916017
0.0165877205655
0.00743270153811
-0.00674861895807
0.0164166575252
0.00442507763243
-0.000351489541157
0.0274403715494
0.0305058587048
0.00401688651683

Beta parameters from 0 to p:
0.312584206762
0.0148597549021
0.000697587465821
0.104232973963
-0.0843853122552
-0.00090861474781
0.00913226795716
-0.0100352997898
-0.0168170557294
-0.0139422209326
0.00692829087722
0.0142861572131
0.0419893664405
-0.00265182587729
-0.0195145893819
-0.00684476835588
-0.0373734663658
0.0083285272478
0.025078382099
-0.0235128605812
-0.00674196737558
0.00182119170089
0.0125052180181
-0.00917039516308
-0.0127847119763
0.0215338270138
0.0264649782706
0.00639327550311
0.0166737974712
0.00299289562718
-0.00177466572572
0.0175431914051
-0.0117231231016
0.00510036591981
-0.003306478508
-0.0174050933237
-0.0112663433919
0.00967718879729
-0.00928771548036
0.0454229848025
0.0156659119938
0.0266312277005
0.0351916506478
0.00688044072156
-0.0516740590338
-0.062156073875
-0.05134828735
-0.0412137285011
-0.00450397464674
-0.0226432030486
0.0201114674685
0.0913729483586
0.00157691093147
-0.000895041225425
-0.00268803025738
0.00290065273523
0.0132911261592
0.0010534118868
0.00454962134123
0.0107404554872
0.0147666471673
-0.00377570960945
-0.00550888231917
0.0201330669147
0.0132553230891
0.00541777829426
-0.0121364145499
0.0160139294606
-0.0165531647083
0.0354241481695
0.0221587059292
-0.0152792720986
0.0386919868804
-0.0453785977099
-0.00517065344132
0.0564963796144
-0.00683137505812
0.00499150188963
0.0317382157684
-0.00671288329939
-0.00250644446689
0.00443564734112
0.00987976504004
-0.0170891151812
0.00260509057485
0.00707351535823
0.011916149425
0.0209495659057
0.0029200189512
-0.029901415032
0.0300403940557
0.0392279542096
0.0120474247882
-0.0134760148188
0.000482342903477
0.0225217575494
-0.000686496932214
-0.000862825276324
0.00114216576232
0.000395643391577
0.00224022803225
0.000209641779664
0.00872962417591
0.0124464181907
0.00116978617175
-0.0235573029587
-0.0101860715305
0.0127644096636
-0.00323644727878
0.022766041642
0.0054318139666
1.16301369474e-05
0.00481399865758
-0.00685851306345
0.0104049480417
0.00356041664135
0.00388494148662
0.0117933434124
0.00171662907728
0.00372136867624
0.0277761409132
0.0362449063177
0.00206845549705

Beta parameters from 0 to p:
0.325047286339
0.0136188390801
-0.00124906273063
0.102614902959
-0.0866042930157
-0.00980368632194
0.016522607844
-0.00760134515581
-0.0151378049887
-0.0102985627074
0.0123082191908
0.0137662672881
0.0313285031845
0.00163221538212
-0.0171669612288
-0.00492171282741
-0.0320408332736
0.00884458051613
0.0284322384269
-0.00649788695927
-0.00205556444239
0.00132936508089
0.0137566215439
-0.0103430608501
-0.0130994590977
0.0153099182696
0.0265760741945
0.00453988108406
0.0151999783192
0.000944339188484
-0.00169133251295
0.0178109132905
-0.00890602994467
0.00342993054567
-0.00260114703109
-0.0147814819519
-0.00161010717648
0.00427820389043
-0.00457814803193
0.0377476233315
0.0156753305515
0.0258564071535
0.031544874535
0.00861057548779
-0.0597098252308
-0.0710497465618
-0.0575892666879
-0.052275613224
-0.00132640878234
-0.0161017339052
0.0181880885709
0.0949118204472
0.00286245220651
0.000799614501939
-0.00446506056691
-0.00547579588355
0.00354309361726
0.00256305278708
0.00603381086812
0.00970990984153
0.0117709314623
0.00165577852857
-0.002625316569
0.020294676074
0.0121559987932
0.00567540684848
-0.00864284479833
0.0111495209639
-0.018602764097
0.0304515799358
0.0178408238517
-0.0128770687887
0.0419863599872
-0.0405626379001
-0.00852002760656
0.0455125778993
-0.0180803285327
0.0113126523385
0.0339323407015
0.00476734295083
-0.00375823553967
-0.000380117727517
0.00306711594142
-0.0134713542728
0.00601110645632
0.0109197279312
0.0144839251253
0.0177967783774
0.00589087941558
-0.0257587339521
0.0269685879144
0.0340491852847
0.0103138066243
-0.0138502309843
-0.00265869992859
0.0146607053542
0.00603396714912
-0.000940767836852
0.00227043344206
0.00123875668447
0.00360757105123
0.00160753983002
0.0103545464735
0.0101781542545
0.00226772011311
-0.023888964205
-0.012285055844
0.0208258864709
-0.00161111744129
0.00976899644709
0.011589919979
-0.00205351150449
0.00368605475238
-0.00817312285851
0.0169602265091
0.00576155786354
0.00477089187343
0.0115053215475
0.0015709099828
0.0032699131377
0.0175815197127
0.0333484855677
0.00263805739185

Beta parameters from 0 to p:
0.333384563759
0.0161453232059
0.000599980730732
0.103338115417
-0.0839372383481
-0.00611524877496
0.0103952898605
-0.0100701022893
-0.0172483565933
-0.0132858884806
0.0085213505514
0.0161674852771
0.0386363479747
-0.00161270829134
-0.0209668692972
-0.00665101504696
-0.0328052847502
0.011326650396
0.0352207204147
-0.0155593859386
-0.00301991343095
-0.00113325268163
0.0106982643017
-0.0098761666188
-0.00871819243273
0.0152628335527
0.0257261535235
0.00814848928142
0.0195954568686
0.00383782390037
-0.00684359820003
0.0161079159868
-0.00881037886811
0.00725354928432
-0.00593301392338
-0.0154418839
-0.00360514085975
0.0122944301873
-0.00764503990004
0.0450882044196
0.0116888586313
0.0263846262675
0.0348274173397
0.0107045997561
-0.0575515045532
-0.0665183828728
-0.0577282866715
-0.0416199389205
-0.000690007878707
-0.0186729364739
0.024757997309
0.095283171743
0.00222874965963
0.00122790576733
-0.00845607545879
-0.00331590051127
0.00342183560867
0.00604015519993
0.00490238562734
0.0116405045736
0.0126596934282
-0.000912408634377
-0.00739034363674
0.0208038469442
0.0116407597391
0.00586028281704
-0.00759463972312
0.0121135025781
-0.0157532144365
0.0278623036134
0.0153886552351
-0.00951053466743
0.0428586941056
-0.0425825572858
-0.00616740731856
0.0493838115398
-0.0115084791832
0.00165147953084
0.0188673392672
0.00504226497854
-0.00503153202578
-0.00136827356395
0.00303499806312
-0.0165216073566
0.00534930565666
0.0106945570646
0.0139465753034
0.0237710505778
0.00370739834297
-0.0286159928864
0.0289684645622
0.0343971332451
0.00828997064089
-0.0142276666614
-0.00441821286229
0.0113494280061
-0.00054016688532
0.00169105551393
0.00251032243889
-0.00172451910324
0.00422254614562
0.003638402388
0.0101704891738
0.0113338497525
0.0025381223643
-0.0218602085462
-0.011429736473
0.0153083876118
-0.00394805233011
0.00767777624911
0.00752966599889
0.000398663015912
-0.0043974315139
-0.00581316660728
0.0180997765954
0.00175805885432
0.00442524304687
0.0108794668741
0.00449925273569
0.00364557408609
0.0207951761629
0.0422757512828
0.00280714867521

Beta parameters from 0 to p:
0.322462784841
0.0108125219177
-0.00123234037561
0.10565126613
-0.08092054778
-0.00623188944228
0.00168475647198
-0.00972082865531
-0.0189024945837
-0.0173234358771
0.00629989719253
0.0113671105577
0.0414359372564
-0.00131343778759
-0.0203459526598
-0.0032608577587
-0.0364034462195
0.00799639582586
0.0240335083358
-0.0193807726823
-0.00630792206137
1.97535291908e-05
0.0092058897422
-0.00908443031773
-0.0079804259008
0.0179742319704
0.0107101975395
0.00602194827855
0.0156299039907
0.00672602315911
-0.00129773138976
0.0188920864001
-0.013153941082
0.00885314239542
-0.00529633073493
-0.0182943363513
-0.00803087261546
0.00721366806258
-0.0079363109786
0.0434100489217
0.0114684743355
0.0283463061344
0.0356752319141
0.00610221560088
-0.0582479251993
-0.0670285620003
-0.0567364532226
-0.0516506382287
-0.00439115676693
-0.0258165287089
0.0176058233172
0.0896423120053
0.00325415506572
-0.00393879480438
-0.00462203288426
-0.000439938842056
0.00547641438446
0.00384633199713
0.00937069847242
0.0149044607807
0.0164071793396
0.00980280252522
-0.00673957346022
0.0147100224598
0.00841591586947
0.00590434829144
-0.00988933464617
0.0144404402272
-0.0150381489087
0.0242044749577
0.0182558438658
-0.00426190543471
0.0369383601406
-0.0455697677863
-0.00467423362571
0.0463180995758
-0.00882818890395
0.00749518387904
0.0251453635695
-0.00197755712921
-0.00420915651196
0.0017135205809
0.00622478508668
-0.0164064148816
0.00320232691882
0.00982632987258
0.0129607328557
0.0252741287517
0.0122268718268
-0.0315211213026
0.0232299361459
0.0331207418127
0.00946053033784
-0.01547499093
-0.00487838674406
0.0162758568346
0.00227499677972
-0.00140146072399
0.0104530464507
0.00137309517748
0.0108238754845
0.00236815059153
0.0190463243729
0.0181264533885
0.0104842688725
-0.0244286195904
-0.0127879408194
0.0132792864843
-0.004108904508
0.0188964978703
0.00694847225111
-0.00138279182619
0.00541357126663
-6.13218383434e-05
0.0108482715983
0.00812447673468
0.00598059436859
0.0146039615153
0.00125795295948
0.00139538408847
0.0240090486177
0.0333675778874
0.00994064589848

